,time,event
0,2,68
1,2,3
2,4,1
3,9,4
4,10,1
5,12,9
6,17,3
7,18,61
8,20,43
9,20,36
10,20,23
11,20,24
12,21,1
13,21,9
14,24,1
15,26,1
16,28,4
17,28,1
18,28,9
19,30,3
20,37,68
21,37,3
22,39,1
23,40,1
24,41,36
25,41,57
26,41,39
27,41,8
28,42,15
29,42,3
30,42,1
31,43,15
32,44,3
33,45,1
34,48,1
35,48,9
36,52,4
37,52,36
38,52,15
39,52,1
40,53,1
41,55,1
42,56,4
43,56,1
44,57,4
45,60,25
46,60,1
47,64,1
48,67,0
49,68,15
50,68,3
51,69,32
52,69,1
53,69,9
54,70,3
55,71,61
56,72,1
57,75,11
58,76,3
59,77,3
60,77,1
61,77,9
62,82,1
63,83,43
64,83,57
65,83,1
66,86,1
67,87,3
68,90,0
69,90,1
70,91,4
71,91,68
72,91,1
73,96,68
74,96,1
75,97,9
76,97,11
77,98,32
78,98,1
79,100,3
80,100,1
81,103,68
82,103,1
83,105,1
84,106,1
85,107,15
86,110,1
87,111,24
88,111,39
89,111,18
90,111,11
91,112,3
92,112,1
93,114,1
94,115,9
95,117,1
96,119,1
97,120,1
98,123,1
99,124,15
100,125,25
101,125,15
102,125,3
103,125,9
104,126,23
105,126,1
106,126,8
107,126,52
108,126,9
109,127,1
110,129,1
111,131,68
112,131,15
113,134,36
114,134,23
115,134,24
116,134,11
117,135,0
118,135,31
119,138,125
120,138,1
121,138,9
122,139,43
123,139,36
124,139,23
125,139,24
126,139,3
127,140,4
128,140,1
129,142,4
130,142,1
131,143,1
132,144,9
133,145,4
134,146,36
135,146,22
136,148,25
137,148,1
138,149,1
139,150,1
140,151,3
141,152,25
142,152,1
143,153,1
144,156,1
145,157,4
146,157,35
147,157,1
148,158,36
149,158,35
150,159,11
151,160,18
152,160,1
153,162,3
154,163,1
155,165,3
156,171,1
157,173,3
158,174,112
159,175,1
160,177,24
161,177,9
162,178,43
163,178,48
164,178,36
165,178,57
166,178,24
167,179,3
168,180,21
169,180,23
170,180,32
171,180,9
172,181,0
173,181,23
174,181,1
175,183,25
176,183,35
177,183,1
178,184,5
179,184,4
180,184,0
181,184,3
182,184,1
183,185,1
184,185,27
185,186,15
186,186,1
187,187,1
188,187,27
189,188,15
190,188,11
191,190,11
192,191,3
193,191,13
194,191,1
195,191,11
196,192,1
197,192,11
198,193,4
199,193,18
200,193,1
201,193,27
202,193,11
203,194,1
204,195,13
205,195,1
206,197,1
207,198,3
208,198,1
209,201,4
210,202,3
211,203,11
212,207,3
213,208,1
214,209,3
215,210,11
216,212,36
217,212,46
218,212,25
219,212,11
220,213,3
221,213,1
222,214,4
223,214,1
224,219,1
225,220,1
226,221,3
227,224,15
228,226,9
229,227,3
230,228,1
231,229,1
232,230,3
233,241,3
234,241,18
235,241,1
236,244,11
237,245,91
238,246,1
239,248,1
240,248,9
241,250,4
242,250,3
243,251,4
244,251,21
245,251,43
246,251,36
247,251,3
248,251,18
249,252,1
250,254,1
251,255,4
252,257,1
253,259,4
254,259,1
255,262,1
256,263,3
257,263,1
258,263,9
259,264,0
260,264,1
261,265,15
262,266,1
263,267,86
264,268,1
265,270,3
266,270,1
267,275,3
268,276,3
269,278,4
270,278,1
271,280,23
272,280,1
273,280,75
274,281,35
275,282,25
276,282,3
277,282,1
278,283,15
279,283,3
280,284,15
281,286,1
282,287,4
283,287,0
284,287,1
285,288,3
286,288,1
287,289,3
288,290,0
289,291,25
290,292,91
291,292,3
292,293,4
293,293,24
294,293,1
295,293,11
296,295,15
297,296,3
298,296,1
299,298,86
300,298,3
301,298,1
302,300,1
303,304,4
304,304,1
305,305,25
306,305,3
307,306,1
308,308,1
309,308,11
310,310,4
311,310,1
312,311,80
313,311,23
314,311,24
315,311,32
316,312,3
317,312,32
318,312,1
319,314,16
320,314,1
321,315,1
322,315,9
323,320,16
324,323,4
325,323,3
326,323,1
327,325,68
328,325,39
329,325,1
330,325,9
331,326,80
332,326,4
333,326,39
334,326,86
335,326,3
336,326,11
337,328,39
338,328,1
339,335,1
340,335,9
341,336,3
342,340,91
343,340,3
344,341,4
345,341,1
346,342,4
347,342,1
348,343,1
349,344,35
350,345,15
351,346,25
352,346,1
353,349,1
354,350,66
355,350,1
356,351,4
357,351,24
358,351,11
359,354,68
360,354,86
361,354,1
362,356,31
363,356,24
364,356,1
365,356,11
366,357,3
367,359,3
368,360,39
369,360,1
370,364,3
371,364,1
372,366,3
373,366,35
374,368,3
375,370,1
376,370,9
377,371,91
378,372,1
379,373,1
380,377,125
381,377,39
382,377,9
383,379,4
384,379,35
385,380,3
386,382,1
387,383,1
388,385,4
389,385,1
390,385,11
391,386,3
392,386,1
393,388,86
394,388,1
395,389,1
396,390,0
397,390,1
398,391,4
399,391,32
400,391,1
401,391,9
402,392,15
403,393,15
404,393,3
405,394,1
406,397,1
407,401,4
408,401,1
409,402,91
410,402,1
411,404,24
412,404,3
413,404,11
414,405,1
415,406,3
416,408,1
417,410,1
418,412,31
419,412,1
420,412,11
421,414,1
422,414,9
423,415,1
424,416,23
425,416,86
426,416,3
427,416,35
428,416,1
429,416,11
430,417,21
431,417,48
432,418,25
433,418,1
434,421,1
435,422,4
436,422,1
437,424,24
438,424,3
439,424,32
440,427,3
441,428,15
442,428,1
443,429,1
444,431,3
445,431,1
446,433,0
447,433,36
448,433,25
449,433,22
450,433,23
451,433,24
452,434,24
453,434,91
454,434,1
455,434,11
456,437,112
457,439,3
458,439,35
459,439,18
460,439,1
461,442,15
462,442,35
463,443,1
464,444,4
465,444,9
466,445,1
467,446,1
468,447,3
469,448,48
470,448,36
471,448,24
472,448,16
473,449,1
474,452,4
475,452,3
476,452,35
477,452,1
478,453,15
479,454,1
480,455,0
481,455,1
482,456,1
483,458,1
484,459,36
485,459,32
486,459,1
487,459,11
488,461,125
489,461,52
490,461,9
491,463,4
492,463,1
493,464,46
494,464,131
495,464,1
496,464,11
497,465,3
498,466,1
499,467,24
500,469,3
501,470,4
502,470,1
503,472,15
504,472,1
505,473,1
506,474,1
507,475,36
508,475,23
509,475,1
510,477,15
511,478,4
512,478,1
513,478,9
514,479,24
515,479,1
516,480,4
517,480,3
518,480,1
519,482,1
520,483,1
521,484,1
522,485,25
523,485,24
524,485,1
525,488,0
526,488,1
527,489,24
528,489,11
529,490,4
530,490,1
531,491,9
532,492,1
533,494,3
534,495,1
535,496,28
536,496,1
537,498,1
538,498,9
539,499,1
540,499,9
541,500,3
542,500,11
543,505,4
544,505,15
545,505,24
546,505,32
547,505,11
548,506,4
549,506,1
550,507,1
551,508,39
552,508,1
553,508,9
554,508,11
555,509,1
556,510,1
557,511,3
558,511,11
559,512,1
560,513,11
561,514,3
562,515,4
563,515,0
564,515,1
565,516,1
566,517,11
567,519,1
568,521,3
569,522,80
570,522,36
571,522,15
572,522,39
573,522,1
574,522,50
575,523,23
576,523,24
577,523,1
578,523,11
579,524,15
580,524,1
581,525,1
582,526,1
583,527,25
584,527,1
585,528,1
586,529,18
587,529,1
588,532,0
589,532,1
590,533,1
591,534,4
592,534,24
593,534,1
594,537,4
595,537,3
596,537,1
597,538,4
598,538,24
599,538,11
600,540,3
601,540,1
602,541,43
603,541,15
604,541,9
605,541,11
606,542,1
607,543,1
608,544,43
609,544,36
610,544,15
611,544,24
612,544,3
613,544,32
614,544,1
615,545,1
616,546,1
617,547,3
618,547,1
619,547,11
620,548,20
621,548,25
622,548,1
623,549,1
624,550,46
625,550,39
626,550,1
627,550,12
628,553,4
629,553,36
630,553,24
631,553,1
632,554,4
633,554,1
634,555,3
635,555,1
636,555,11
637,556,95
638,556,4
639,556,1
640,557,25
641,557,1
642,558,0
643,558,39
644,558,1
645,558,11
646,560,12
647,561,3
648,563,3
649,567,3
650,569,3
651,570,4
652,570,15
653,570,3
654,570,1
655,572,3
656,575,3
657,577,3
658,579,1
659,581,3
660,583,20
661,586,3
662,590,3
663,595,3
664,595,1
665,596,12
666,597,24
667,597,1
668,597,8
669,597,9
670,597,11
671,598,1
672,598,9
673,600,0
674,600,1
675,601,36
676,601,24
677,601,1
678,602,3
679,602,1
680,603,21
681,603,24
682,604,4
683,604,32
684,604,1
685,605,4
686,605,32
687,605,1
688,606,3
689,606,1
690,607,1
691,608,4
692,608,1
693,609,24
694,609,1
695,609,9
696,610,3
697,611,4
698,611,18
699,612,91
700,612,1
701,613,15
702,614,1
703,615,1
704,616,1
705,616,92
706,618,32
707,618,1
708,619,46
709,619,131
710,619,11
711,621,43
712,621,3
713,623,1
714,623,8
715,624,1
716,625,4
717,625,1
718,629,1
719,630,3
720,631,18
721,632,1
722,634,1
723,636,3
724,636,1
725,637,0
726,637,3
727,637,8
728,639,3
729,643,1
730,643,9
731,644,11
732,645,33
733,645,1
734,645,12
735,646,3
736,646,9
737,647,15
738,649,36
739,649,15
740,649,1
741,649,11
742,651,46
743,651,25
744,651,15
745,653,1
746,655,4
747,655,3
748,656,1
749,657,25
750,657,1
751,659,15
752,660,4
753,660,1
754,661,15
755,662,11
756,663,1
757,665,3
758,666,4
759,666,1
760,666,9
761,666,11
762,667,3
763,667,11
764,668,4
765,668,46
766,668,3
767,669,0
768,669,1
769,669,12
770,670,32
771,671,1
772,672,0
773,672,1
774,672,9
775,674,1
776,676,3
777,676,1
778,678,9
779,679,43
780,679,36
781,679,24
782,679,39
783,679,1
784,680,4
785,680,1
786,681,1
787,683,0
788,683,1
789,684,115
790,684,15
791,685,4
792,686,22
793,686,24
794,686,39
795,686,3
796,686,1
797,687,1
798,687,12
799,689,0
800,689,1
801,691,1
802,692,1
803,694,15
804,695,1
805,695,9
806,696,3
807,697,3
808,697,12
809,698,3
810,698,32
811,698,1
812,699,1
813,700,24
814,700,1
815,701,35
816,702,1
817,704,15
818,705,1
819,705,11
820,706,3
821,707,1
822,709,0
823,709,35
824,709,1
825,711,1
826,712,24
827,712,1
828,712,8
829,712,11
830,713,3
831,713,1
832,713,9
833,714,74
834,714,115
835,714,1
836,715,1
837,716,3
838,717,4
839,717,1
840,718,11
841,720,25
842,720,1
843,720,52
844,721,1
845,721,12
846,723,0
847,723,9
848,726,3
849,726,1
850,727,18
851,728,3
852,728,1
853,729,3
