,Unnamed: 0,Unnamed: 0.1,time,event
0,0,0,0,1
1,1,1,0,0
2,2,2,1,0
3,3,3,1,7
4,4,4,2,0
5,5,5,2,13
6,6,6,3,1
7,7,7,4,1
8,8,8,5,1
9,9,9,7,1
10,10,10,8,1
11,11,11,9,1
12,12,12,12,4
13,13,13,12,1
14,14,14,13,0
15,15,15,14,1
16,16,16,15,1
17,17,17,16,1
18,18,18,17,4
19,19,19,17,1
20,20,20,18,1
21,21,21,21,3
22,22,22,21,0
23,23,23,23,1
24,24,24,29,1
25,25,25,30,2
26,26,26,31,4
27,27,27,31,18
28,28,28,32,1
29,29,29,33,3
30,30,30,33,18
31,31,31,33,1
32,32,32,34,4
33,33,33,35,2
34,34,34,35,0
35,35,35,35,20
36,36,36,36,4
37,37,37,36,1
38,38,38,38,18
39,39,39,38,1
40,40,40,39,1
41,41,41,40,1
42,42,42,41,4
43,43,43,41,1
44,44,44,41,19
45,45,45,42,1
46,47,47,43,12
47,48,48,43,0
48,49,49,44,1
49,50,50,45,18
50,51,51,45,1
51,52,52,45,0
52,53,53,46,28
53,54,54,46,0
54,55,55,46,13
55,56,56,49,1
56,57,57,51,1
57,58,58,54,1
58,59,59,59,4
59,60,60,59,1
60,61,61,60,1
61,62,62,61,1
62,63,63,61,0
63,64,64,61,13
64,65,65,62,4
65,66,66,62,0
66,67,67,62,13
67,68,68,63,4
68,69,69,63,33
69,70,70,63,1
70,71,71,65,36
71,72,72,65,4
72,73,73,65,33
73,74,74,65,13
74,75,75,66,18
75,76,76,66,0
76,77,77,67,33
77,78,78,67,1
78,79,79,68,0
79,80,80,68,7
80,81,81,70,4
81,82,82,70,7
82,83,83,71,4
83,84,84,73,4
84,85,85,73,18
85,86,86,73,1
86,87,87,74,4
87,88,88,75,3
88,89,89,75,1
89,90,90,75,0
90,91,91,76,2
91,92,92,76,4
92,93,93,77,1
93,94,94,78,33
94,95,95,78,13
95,96,96,79,2
96,97,97,79,4
97,98,98,80,18
98,99,99,81,30
99,100,100,83,4
100,101,101,84,4
101,102,102,85,4
102,103,103,85,1
103,104,104,90,15
104,105,105,90,3
105,106,106,90,4
106,108,108,90,1
107,109,109,91,18
108,110,110,91,14
109,111,111,91,0
110,112,112,92,1
111,113,113,93,0
112,114,114,94,4
113,115,115,94,1
114,116,116,96,1
115,117,117,96,0
116,118,118,97,6
117,119,119,97,0
118,120,120,98,3
119,121,121,98,13
120,122,122,100,13
121,123,123,101,8
122,124,124,102,4
123,125,125,102,13
124,126,126,103,4
125,127,127,103,1
126,128,128,103,0
127,129,129,104,1
128,130,130,105,18
129,132,132,105,6
130,133,133,105,13
131,134,134,106,4
132,135,135,106,1
133,136,136,107,4
134,137,137,107,1
135,138,138,108,1
136,139,139,109,4
137,140,140,110,2
138,141,141,110,4
139,142,142,110,33
140,143,143,110,1
141,144,144,111,4
142,145,145,112,1
143,146,146,113,4
144,147,147,114,1
145,148,148,115,3
146,149,149,115,1
147,150,150,115,0
148,151,151,117,1
149,152,152,117,0
150,153,153,118,4
151,154,154,118,45
152,155,155,118,6
153,156,156,119,4
154,157,157,119,14
155,158,158,119,33
156,159,159,119,0
157,160,160,120,4
158,161,161,121,4
159,162,162,121,18
160,163,163,121,33
161,164,164,122,2
162,165,165,122,1
163,166,166,122,0
164,167,167,123,3
165,168,168,123,4
166,169,169,123,12
167,170,170,123,1
168,171,171,123,13
169,172,172,126,36
170,173,173,126,7
171,174,174,127,3
172,175,175,127,0
173,176,176,127,7
174,177,177,128,1
175,178,178,129,1
176,179,179,129,7
177,180,180,131,1
178,181,181,134,4
179,182,182,134,1
180,183,183,135,4
181,184,184,135,18
182,185,185,136,3
183,186,186,136,1
184,187,187,136,0
185,188,188,137,4
186,190,190,137,1
187,191,191,138,4
188,192,192,138,0
189,193,193,140,4
190,194,194,140,13
191,195,195,143,2
192,196,196,143,30
193,197,197,143,1
194,198,198,143,13
195,199,199,144,18
196,200,200,149,0
197,201,201,150,51
198,202,202,150,7
199,203,203,151,2
200,204,204,151,18
201,205,205,151,12
202,206,206,151,1
203,207,207,151,0
204,208,208,151,25
205,209,209,151,13
206,210,210,152,13
207,211,211,153,45
208,212,212,153,6
209,213,213,153,7
210,214,214,154,1
211,215,215,155,18
212,216,216,155,13
213,217,217,156,0
214,218,218,156,13
215,219,219,157,7
216,220,220,157,13
217,221,221,158,13
218,222,222,165,1
219,223,223,166,30
220,224,224,166,18
221,225,225,166,0
222,226,226,166,7
223,227,227,167,33
224,228,228,167,1
225,229,229,168,0
226,230,230,168,7
227,231,231,169,13
228,232,232,172,18
229,233,233,172,0
230,234,234,173,2
231,235,235,173,18
232,236,236,173,0
233,237,237,173,13
234,238,238,174,0
235,239,239,174,13
236,240,240,175,33
237,241,241,175,1
238,242,242,177,1
239,243,243,179,0
240,244,244,181,5
241,245,245,181,0
242,246,246,182,3
243,247,247,182,18
244,248,248,182,14
245,249,249,182,0
246,250,250,182,7
247,251,251,182,13
248,252,252,183,36
249,253,253,183,17
250,254,254,183,0
251,255,255,183,7
252,256,256,184,0
253,257,257,185,0
254,258,258,186,1
255,259,259,186,0
256,260,260,187,36
257,261,261,187,1
258,262,262,187,7
259,263,263,189,56
260,264,264,189,0
261,265,265,189,7
262,266,266,190,2
263,267,267,190,0
264,268,268,190,7
265,269,269,191,13
266,270,270,192,18
267,271,271,192,0
268,272,272,192,25
269,273,273,192,13
270,274,274,193,4
271,275,275,194,2
272,276,276,194,3
273,277,277,194,1
274,278,278,194,0
275,279,279,195,1
276,280,280,196,13
277,281,281,197,18
278,282,282,197,1
279,283,283,198,4
280,284,284,198,1
281,285,285,198,0
282,286,286,198,7
283,287,287,199,4
284,288,288,200,17
285,289,289,200,0
286,290,290,201,2
287,291,291,201,1
288,292,292,201,0
289,293,293,202,13
290,294,294,204,30
291,295,295,204,51
292,296,296,204,18
293,297,297,204,14
294,298,298,204,1
295,299,299,204,13
296,300,300,206,51
297,301,301,206,14
298,302,302,206,17
299,303,303,206,1
300,304,304,206,13
301,305,305,208,1
302,306,306,209,2
303,307,307,209,1
304,308,308,209,0
305,309,309,210,18
306,310,310,211,0
307,311,311,212,18
308,312,312,212,13
309,313,313,213,1
310,314,314,213,0
311,315,315,214,13
312,316,316,217,13
313,317,317,218,5
314,318,318,222,1
315,319,319,226,4
316,320,320,227,18
317,321,321,228,3
318,322,322,229,1
319,323,323,233,2
320,324,324,234,12
321,325,325,234,0
322,326,326,235,12
323,327,327,236,7
324,328,328,237,51
325,329,329,237,1
326,330,330,237,13
327,331,331,238,4
328,332,332,241,4
329,333,333,243,1
330,334,334,243,0
331,335,335,243,20
332,336,336,244,4
333,337,337,244,1
334,338,338,245,18
335,339,339,245,0
336,340,340,246,1
337,341,341,249,1
338,342,342,250,2
339,343,343,250,18
340,344,344,252,1
341,345,345,253,4
342,346,346,255,18
343,347,347,255,17
344,348,348,255,0
345,349,349,256,1
346,350,350,257,1
347,351,351,258,33
348,352,352,258,1
349,353,353,258,45
350,354,354,259,18
351,355,355,260,1
352,356,356,260,13
353,357,357,262,27
354,358,358,262,0
355,359,359,262,13
356,360,360,263,4
357,361,361,263,33
358,362,362,264,2
359,363,363,264,18
360,364,364,264,0
361,365,365,266,1
362,366,366,267,30
363,367,367,267,4
364,368,368,268,1
365,369,369,269,0
366,370,370,270,2
367,371,371,270,18
368,372,372,270,0
369,373,373,273,7
370,374,374,274,1
371,375,375,275,0
372,376,376,276,4
373,377,377,277,1
374,378,378,278,3
375,379,379,278,12
376,380,380,278,13
377,381,381,279,18
378,382,382,279,0
379,383,383,279,20
380,384,384,280,0
381,385,385,282,1
382,386,386,283,4
383,387,387,283,18
384,388,388,284,0
385,389,389,285,1
386,390,390,287,0
387,391,391,288,4
388,392,392,288,1
389,393,393,289,14
390,394,394,289,20
391,395,395,290,4
392,396,396,290,1
393,397,397,293,3
394,398,398,293,0
395,399,399,294,15
396,400,400,295,2
397,401,401,295,51
398,402,402,296,18
399,403,403,297,4
400,404,404,298,4
401,405,405,299,0
402,406,406,299,7
403,407,407,303,2
404,408,408,303,18
405,409,409,303,0
406,410,410,304,0
407,411,411,305,4
408,412,412,306,3
409,413,413,306,18
410,414,414,306,17
411,415,415,306,0
412,416,416,306,13
413,417,417,307,3
414,418,418,307,43
415,419,419,307,13
416,420,420,309,18
417,421,421,309,1
418,422,422,309,0
419,423,423,309,13
420,424,424,310,7
421,425,425,310,13
422,426,426,311,14
423,427,427,311,0
424,428,428,312,0
425,429,429,312,13
426,430,430,313,4
427,431,431,313,18
428,432,432,313,1
429,433,433,314,0
430,434,434,315,1
431,435,435,317,18
432,436,436,317,1
433,437,437,317,13
434,439,439,318,0
435,441,441,318,13
436,442,442,319,4
437,443,443,319,1
438,444,444,319,0
439,445,445,320,17
440,446,446,320,0
441,447,447,320,20
442,448,448,320,13
443,449,449,321,18
444,450,450,321,0
445,451,451,322,0
446,452,452,323,18
447,453,453,323,1
448,454,454,324,4
449,455,455,326,4
450,456,456,327,2
451,458,458,327,6
452,459,459,327,7
453,460,460,328,39
454,461,461,328,0
455,462,462,328,13
456,463,463,330,0
457,464,464,330,13
458,465,465,331,18
459,466,466,331,1
460,467,467,332,1
461,468,468,333,3
462,469,469,333,18
463,470,470,334,1
464,471,471,334,0
465,472,472,335,10
466,473,473,336,0
467,474,474,338,30
468,475,475,340,2
469,476,476,346,1
470,477,477,346,7
471,478,478,348,0
472,479,479,350,5
473,480,480,351,18
474,481,481,373,2
475,482,482,373,1
476,483,483,373,0
477,484,484,375,2
478,485,485,375,1
479,486,486,376,51
480,487,487,376,1
481,488,488,377,0
482,489,489,378,2
483,490,490,378,0
484,491,491,379,4
485,492,492,379,1
486,493,493,381,1
487,494,494,384,1
488,495,495,386,1
489,496,496,390,3
490,497,497,390,0
491,498,498,393,1
492,499,499,395,1
493,500,500,396,1
494,501,501,397,2
495,502,502,399,1
496,503,503,400,4
497,504,504,404,2
498,505,505,410,18
499,506,506,410,1
500,507,507,412,2
501,508,508,415,1
502,509,509,428,33
503,510,510,428,1
504,511,511,430,2
505,512,512,430,18
506,513,513,430,0
507,515,515,440,51
508,516,516,440,1
509,517,517,443,1
510,518,518,444,18
511,519,519,445,4
512,520,520,452,0
513,521,521,453,4
514,522,522,455,1
515,523,523,456,7
516,524,524,457,33
517,525,525,459,3
518,526,526,459,0
519,527,527,460,2
520,528,528,462,18
521,529,529,463,1
522,530,530,468,0
523,531,531,471,0
524,532,532,472,0
525,533,533,474,0
526,534,534,475,2
527,535,535,475,15
528,536,536,476,10
529,537,537,476,18
530,538,538,477,1
531,539,539,478,1
532,541,541,479,51
533,542,542,479,1
534,543,543,479,0
535,545,545,481,1
536,546,546,483,2
537,548,548,484,1
538,550,550,485,4
539,551,551,486,2
540,552,552,486,4
541,553,553,486,18
542,554,554,486,13
543,555,555,488,2
544,556,556,488,3
545,557,557,488,51
546,559,559,488,0
547,560,560,489,15
548,561,561,490,24
549,563,563,491,1
550,564,564,491,45
551,565,565,493,2
552,566,566,493,18
553,567,567,493,0
554,568,568,494,13
555,569,569,496,1
556,571,571,507,1
557,573,573,515,0
558,574,574,516,18
559,575,575,517,0
560,576,576,518,7
561,577,577,519,18
562,578,578,519,0
563,579,579,519,7
564,580,580,520,4
565,581,581,521,2
566,582,582,522,3
567,583,583,522,4
568,584,584,522,56
569,586,586,524,0
570,588,588,525,4
571,589,589,525,0
572,591,591,526,1
573,592,592,526,0
574,593,593,528,0
575,594,594,530,0
576,595,595,532,18
577,596,596,532,0
578,597,597,534,4
579,598,598,534,45
580,600,600,537,1
581,602,602,541,16
582,603,603,541,49
583,604,604,541,0
584,605,605,542,4
585,607,607,543,8
586,609,609,543,1
587,610,610,543,0
588,612,612,544,0
589,613,613,545,2
590,614,614,545,12
591,615,615,545,14
592,616,616,545,17
593,617,617,545,0
594,619,619,547,4
595,620,620,547,1
596,621,621,549,2
597,622,622,549,4
598,625,625,553,49
599,626,626,554,1
600,627,627,554,0
601,629,629,555,0
602,630,630,556,4
603,631,631,556,14
604,632,632,556,0
605,634,634,557,0
606,635,635,558,4
607,636,636,561,16
608,637,637,562,2
609,638,638,562,51
610,639,639,562,4
611,640,640,562,0
612,642,642,563,0
613,643,643,564,1
614,644,644,566,3
615,645,645,566,45
616,646,646,567,0
617,647,647,582,51
618,648,648,582,1
619,649,649,582,0
620,650,650,584,2
621,651,651,584,4
622,652,652,585,4
623,653,653,586,15
624,654,654,586,45
625,655,655,586,0
626,656,656,586,13
627,657,657,589,51
628,658,658,589,18
629,659,659,589,0
630,661,661,594,2
631,662,662,594,13
632,663,663,595,2
633,664,664,595,16
634,665,665,596,1
635,666,666,598,18
636,667,667,599,2
637,668,668,599,51
638,669,669,599,12
639,670,670,599,0
640,671,671,601,2
641,672,672,601,51
642,673,673,601,18
643,674,674,601,17
644,675,675,601,13
645,676,676,604,0
646,677,677,605,0
647,678,678,606,13
648,679,679,607,13
649,680,680,610,1
650,681,681,612,4
651,682,682,612,13
652,683,683,614,18
653,684,684,614,1
654,685,685,614,13
655,686,686,615,3
656,688,688,615,0
657,689,689,615,13
658,690,690,616,18
659,692,692,617,1
660,693,693,618,0
661,694,694,619,13
662,695,695,620,18
663,696,696,620,0
664,697,697,621,18
665,698,698,622,51
666,699,699,622,4
667,700,700,622,45
668,701,701,622,0
669,702,702,624,1
670,703,703,625,13
671,704,704,626,7
672,705,705,626,13
673,706,706,627,18
674,707,707,627,13
675,708,708,628,13
676,709,709,631,16
677,710,710,633,13
678,711,711,639,1
679,712,712,639,13
680,713,713,640,14
681,714,714,640,13
682,715,715,641,0
683,716,716,641,13
684,717,717,642,13
685,718,718,644,51
686,719,719,644,0
687,720,720,646,4
688,721,721,646,18
689,722,722,646,1
690,723,723,646,45
691,724,724,646,0
692,725,725,646,13
693,726,726,647,2
694,727,727,647,7
695,728,728,647,13
696,729,729,648,13
697,730,730,649,18
698,731,731,649,0
699,732,732,649,13
700,733,733,650,2
701,734,734,650,33
702,735,735,651,0
703,736,736,652,2
704,737,737,652,1
705,738,738,653,13
706,739,739,656,18
707,740,740,656,0
708,741,741,657,2
709,742,742,657,16
710,743,743,658,13
711,744,744,659,0
712,745,745,668,1
713,746,746,669,0
714,747,747,670,18
715,748,748,670,1
716,749,749,671,4
717,750,750,671,45
718,751,751,671,0
719,752,752,673,14
720,753,753,673,0
721,754,754,676,0
722,755,755,676,13
723,756,756,677,2
724,757,757,677,10
725,758,758,677,18
726,759,759,677,13
727,760,760,680,18
728,761,761,680,1
729,762,762,680,13
730,763,763,681,18
731,764,764,681,13
732,766,766,683,0
733,767,767,684,18
734,768,768,684,0
735,769,769,690,18
736,770,770,692,16
737,771,771,692,7
738,772,772,693,2
739,773,773,693,4
740,774,774,693,1
741,775,775,694,45
742,776,776,694,7
743,777,777,695,18
744,778,778,697,1
745,779,779,701,1
746,780,780,710,4
747,781,781,710,18
748,782,782,710,1
749,783,783,710,29
750,784,784,712,45
751,785,785,713,1
752,786,786,715,4
753,787,787,715,1
754,788,788,716,18
755,789,789,718,2
756,790,790,719,13
757,791,791,722,16
758,792,792,722,13
759,793,793,723,18
760,794,794,723,53
761,795,795,723,13
762,796,796,724,0
763,797,797,724,13
764,798,798,725,2
765,799,799,725,30
766,800,800,725,14
767,801,801,725,17
768,802,802,725,13
769,803,803,726,4
770,804,804,726,18
771,805,805,726,14
772,806,806,726,13
773,807,807,727,1
774,808,808,727,0
775,809,809,727,13
776,810,810,728,1
777,811,811,729,1
778,812,812,729,0
779,813,813,729,13
